Weight: pi
[0.38812011 0.20592607 0.10139182 0.30456199]
Means of Gaussian Functions: mu
[[ 4.2245193  -3.30278486  2.42090208]
 [-5.34528262 -0.7552206   5.2777417 ]
 [ 5.03733345 -0.36282142 -4.38352056]
 [-5.2945627   2.4341097  -1.70558649]]
Variances of Gaussian Functions: Sigma
[[[ 2.0964797  -0.01941272 -0.05318914]
  [-0.01941272  0.48912473  0.02926576]
  [-0.05318914  0.02926576  1.95408032]]

 [[ 1.02002918  0.0150752  -0.0110156 ]
  [ 0.0150752   0.50570718  0.00862261]
  [-0.0110156   0.00862261  1.15829642]]

 [[ 0.9892034   0.03678002 -0.04593929]
  [ 0.03678002  0.50702208  0.01870278]
  [-0.04593929  0.01870278  0.94502461]]

 [[ 2.08008151 -0.01869872  0.10977686]
  [-0.01869872  0.49833437 -0.01709593]
  [ 0.10977686 -0.01709593  1.9898824 ]]]